dof = 4
matrixB 
 0  1  0  0  1  1  0  0
 0  0  1  0  0 -1 -1  0
 0  0  0  1  0  0  1  1
 1  1  1  1  0  0  0  0
matrixH 
 0  0
 0  0
 0  0
 1 -1
VH 
170.6670000
170.8390000
Vd 
3.0000000
4.1000000
2.6000000
3.4000000
2.9000000
4.0000000
2.6000000
4.0000000
Ve 
-2.0120000
-0.0300000
 0.9790000
 1.2810000
-2.2660000
 2.2720000
-1.2480000
-0.0030000
VW 
-0.0240000
-0.0450000
 0.0300000
 0.0460000
VWd 
0.0663325
0.0606630
0.0632456
0.0723878
Q 
│	0.0012000	│	0.0000000	│	0.0000000	│	0.0000000	│	0.0000000	│	0.0000000	│	0.0000000	│	0.0000000	│
│	0.0000000	│	0.0016400	│	0.0000000	│	0.0000000	│	0.0000000	│	0.0000000	│	0.0000000	│	0.0000000	│
│	0.0000000	│	0.0000000	│	0.0010400	│	0.0000000	│	0.0000000	│	0.0000000	│	0.0000000	│	0.0000000	│
│	0.0000000	│	0.0000000	│	0.0000000	│	0.0013600	│	0.0000000	│	0.0000000	│	0.0000000	│	0.0000000	│
│	0.0000000	│	0.0000000	│	0.0000000	│	0.0000000	│	0.0011600	│	0.0000000	│	0.0000000	│	0.0000000	│
│	0.0000000	│	0.0000000	│	0.0000000	│	0.0000000	│	0.0000000	│	0.0016000	│	0.0000000	│	0.0000000	│
│	0.0000000	│	0.0000000	│	0.0000000	│	0.0000000	│	0.0000000	│	0.0000000	│	0.0010400	│	0.0000000	│
│	0.0000000	│	0.0000000	│	0.0000000	│	0.0000000	│	0.0000000	│	0.0000000	│	0.0000000	│	0.0016000	│
R 
│	0.0044000	│	-0.0016000	│	0.0000000	│	0.0016400	│
│	-0.0016000	│	0.0036800	│	-0.0010400	│	0.0010400	│
│	0.0000000	│	-0.0010400	│	0.0040000	│	0.0013600	│
│	0.0016400	│	0.0010400	│	0.0013600	│	0.0052400	│
K 
 28.8753665
 35.8485642
 11.2937543
-27.8621400
V 
-0.0334346
 0.0016617
 0.0083059
-0.0225330
 0.0334954
-0.0111571
-0.0255370
 0.0180700
BV 
 0.0240000
 0.0450000
-0.0300000
-0.0460000
vHighI 
-2.0454346
-0.0283383
 0.9873059
 1.2584670
-2.2325046
 2.2608429
-1.2735370
 0.0150700
u 
0.9012547
Qv 
│	-0.0005206	│	-0.0002642	│	-0.0001337	│	-0.0002815	│	0.0003164	│	-0.0000521	│	-0.0000816	│	0.0003630	│
│	-0.0002642	│	-0.0008712	│	-0.0002872	│	-0.0002174	│	-0.0003608	│	-0.0004081	│	0.0001209	│	0.0000965	│
│	-0.0001337	│	-0.0002872	│	-0.0004168	│	-0.0002023	│	-0.0000739	│	0.0003611	│	0.0002621	│	-0.0000598	│
│	-0.0002815	│	-0.0002174	│	-0.0002023	│	-0.0006588	│	0.0001183	│	0.0000991	│	-0.0003015	│	-0.0003998	│
│	0.0003164	│	-0.0003608	│	-0.0000739	│	0.0001183	│	-0.0005610	│	-0.0002383	│	0.0001644	│	-0.0002827	│
│	-0.0000521	│	-0.0004081	│	0.0003611	│	0.0000991	│	-0.0002383	│	-0.0009536	│	-0.0002853	│	0.0001861	│
│	-0.0000816	│	0.0001209	│	0.0002621	│	-0.0003015	│	0.0001644	│	-0.0002853	│	-0.0004926	│	-0.0002459	│
│	0.0003630	│	0.0000965	│	-0.0000598	│	-0.0003998	│	-0.0002827	│	0.0001861	│	-0.0002459	│	-0.0009543	│
Qy 
│	0.0006794	│	-0.0002642	│	-0.0001337	│	-0.0002815	│	0.0003164	│	-0.0000521	│	-0.0000816	│	0.0003630	│
│	-0.0002642	│	0.0007688	│	-0.0002872	│	-0.0002174	│	-0.0003608	│	-0.0004081	│	0.0001209	│	0.0000965	│
│	-0.0001337	│	-0.0002872	│	0.0006232	│	-0.0002023	│	-0.0000739	│	0.0003611	│	0.0002621	│	-0.0000598	│
│	-0.0002815	│	-0.0002174	│	-0.0002023	│	0.0007012	│	0.0001183	│	0.0000991	│	-0.0003015	│	-0.0003998	│
│	0.0003164	│	-0.0003608	│	-0.0000739	│	0.0001183	│	0.0005990	│	-0.0002383	│	0.0001644	│	-0.0002827	│
│	-0.0000521	│	-0.0004081	│	0.0003611	│	0.0000991	│	-0.0002383	│	0.0006464	│	-0.0002853	│	0.0001861	│
│	-0.0000816	│	0.0001209	│	0.0002621	│	-0.0003015	│	0.0001644	│	-0.0002853	│	0.0005474	│	-0.0002459	│
│	0.0003630	│	0.0000965	│	-0.0000598	│	-0.0003998	│	-0.0002827	│	0.0001861	│	-0.0002459	│	0.0006457	│
vmh 
0.0234912
0.0249900
0.0224986
0.0238656
0.0220580
0.0229130
0.0210857
0.0229009
matrixF 
 1.0000000  0.0000000  0.0000000  0.0000000  0.0000000  0.0000000  0.0000000  0.0000000
 0.0000000  0.0000000 -1.0000000 -1.0000000  0.0000000  0.0000000  0.0000000  0.0000000
 0.0000000  0.0000000  0.0000000 -1.0000000  0.0000000  0.0000000  0.0000000  0.0000000
 0.0000000  0.0000000  0.0000000  0.0000000  0.0000000  0.0000000  0.0000000  1.0000000
QH 
│	0.0006794	│	0.0004151	│	0.0002815	│	0.0003630	│
│	0.0004151	│	0.0009198	│	0.0004989	│	0.0004595	│
│	0.0002815	│	0.0004989	│	0.0007012	│	0.0003998	│
│	0.0003630	│	0.0004595	│	0.0003998	│	0.0006457	│
vmH 
0.0234912
0.0273328
0.0238656
0.0229009
E 
│	0.0044000	│	-0.0016000	│	0.0000000	│	0.0016400	│	-0.0240000	│
│	-1.0000000	│	0.3636364	│	-0.0000000	│	-0.3727273	│	5.4545455	│
│	0.0000000	│	0.0036800	│	-0.0010400	│	0.0010400	│	-0.0450000	│
│	0.0000000	│	0.0030982	│	-0.0010400	│	0.0016364	│	-0.0537273	│
│	0.0000000	│	-1.0000000	│	0.3356808	│	-0.5281690	│	17.3415493	│
│	0.0000000	│	0.0000000	│	0.0040000	│	0.0013600	│	0.0300000	│
│	0.0000000	│	0.0000000	│	0.0036509	│	0.0019093	│	0.0119648	│
│	0.0000000	│	0.0000000	│	-1.0000000	│	-0.5229669	│	-3.2772234	│
│	0.0000000	│	0.0000000	│	0.0000000	│	0.0052400	│	0.0460000	│
│	0.0000000	│	0.0000000	│	0.0000000	│	0.0027660	│	0.0770653	│
│	0.0000000	│	0.0000000	│	0.0000000	│	-1.0000000	│	-27.8621400	│
vHigha 
168.6215654
168.5932271
169.5805330
170.8540700
