dof = 4
matrixB 
 1  1  1  1  0  0  0  0
 0  1  0  0  1  1  0  0
 0  0  1  0  0 -1 -1  0
 0  0  0  1  0  0  1  1
matrixH 
 1 -1
 0  0
 0  0
 0  0
VH 
170.6670000
170.8390000
Vd 
3.0000000
4.1000000
2.6000000
3.4000000
2.9000000
4.0000000
2.6000000
4.0000000
Ve 
-2.0120000
-0.0300000
 0.9790000
 1.2810000
-2.2660000
 2.2720000
-1.2480000
-0.0030000
VW 
 0.0460000
-0.0240000
-0.0450000
 0.0300000
VWd 
0.0723878
0.0663325
0.0606630
0.0632456
Q 
│	0.0346410	│	0.0000000	│	0.0000000	│	0.0000000	│	0.0000000	│	0.0000000	│	0.0000000	│	0.0000000	│
│	0.0000000	│	0.0404969	│	0.0000000	│	0.0000000	│	0.0000000	│	0.0000000	│	0.0000000	│	0.0000000	│
│	0.0000000	│	0.0000000	│	0.0322490	│	0.0000000	│	0.0000000	│	0.0000000	│	0.0000000	│	0.0000000	│
│	0.0000000	│	0.0000000	│	0.0000000	│	0.0368782	│	0.0000000	│	0.0000000	│	0.0000000	│	0.0000000	│
│	0.0000000	│	0.0000000	│	0.0000000	│	0.0000000	│	0.0340588	│	0.0000000	│	0.0000000	│	0.0000000	│
│	0.0000000	│	0.0000000	│	0.0000000	│	0.0000000	│	0.0000000	│	0.0400000	│	0.0000000	│	0.0000000	│
│	0.0000000	│	0.0000000	│	0.0000000	│	0.0000000	│	0.0000000	│	0.0000000	│	0.0322490	│	0.0000000	│
│	0.0000000	│	0.0000000	│	0.0000000	│	0.0000000	│	0.0000000	│	0.0000000	│	0.0000000	│	0.0400000	│
R 
│	0.1442651	│	0.0404969	│	0.0322490	│	0.0368782	│
│	0.0404969	│	0.1145557	│	-0.0400000	│	0.0000000	│
│	0.0322490	│	-0.0400000	│	0.1044981	│	-0.0322490	│
│	0.0368782	│	0.0000000	│	-0.0322490	│	0.1091272	│
K 
-0.9851793
 0.9929640
 1.2463237
 0.4263313
V 
-0.0341276
 0.0003153
 0.0084217
-0.0206093
 0.0338191
-0.0101344
-0.0264440
 0.0170533
BV 
-0.0460000
 0.0240000
 0.0450000
-0.0300000
vHighI 
-2.0461276
-0.0296847
 0.9874217
 1.2603907
-2.2321809
 2.2618656
-1.2744440
 0.0140533
u 
0.1676634
Qv 
│	-0.0155905	│	-0.0072819	│	-0.0042490	│	-0.0075196	│	0.0092042	│	-0.0019223	│	-0.0023267	│	0.0098463	│
│	-0.0072819	│	-0.0201859	│	-0.0076144	│	-0.0054147	│	-0.0098173	│	-0.0104937	│	0.0028794	│	0.0025354	│
│	-0.0042490	│	-0.0076144	│	-0.0139974	│	-0.0063883	│	-0.0022263	│	0.0098407	│	0.0084110	│	-0.0020227	│
│	-0.0075196	│	-0.0054147	│	-0.0063883	│	-0.0175556	│	0.0028393	│	0.0025754	│	-0.0089637	│	-0.0103589	│
│	0.0092042	│	-0.0098173	│	-0.0022263	│	0.0028393	│	-0.0173061	│	-0.0069354	│	0.0047092	│	-0.0075485	│
│	-0.0019223	│	-0.0104937	│	0.0098407	│	0.0025754	│	-0.0069354	│	-0.0225708	│	-0.0075885	│	0.0050131	│
│	-0.0023267	│	0.0028794	│	0.0084110	│	-0.0089637	│	0.0047092	│	-0.0075885	│	-0.0162495	│	-0.0070359	│
│	0.0098463	│	0.0025354	│	-0.0020227	│	-0.0103589	│	-0.0075485	│	0.0050131	│	-0.0070359	│	-0.0226053	│
Qy 
│	0.0190505	│	-0.0072819	│	-0.0042490	│	-0.0075196	│	0.0092042	│	-0.0019223	│	-0.0023267	│	0.0098463	│
│	-0.0072819	│	0.0203110	│	-0.0076144	│	-0.0054147	│	-0.0098173	│	-0.0104937	│	0.0028794	│	0.0025354	│
│	-0.0042490	│	-0.0076144	│	0.0182517	│	-0.0063883	│	-0.0022263	│	0.0098407	│	0.0084110	│	-0.0020227	│
│	-0.0075196	│	-0.0054147	│	-0.0063883	│	0.0193226	│	0.0028393	│	0.0025754	│	-0.0089637	│	-0.0103589	│
│	0.0092042	│	-0.0098173	│	-0.0022263	│	0.0028393	│	0.0167527	│	-0.0069354	│	0.0047092	│	-0.0075485	│
│	-0.0019223	│	-0.0104937	│	0.0098407	│	0.0025754	│	-0.0069354	│	0.0174292	│	-0.0075885	│	0.0050131	│
│	-0.0023267	│	0.0028794	│	0.0084110	│	-0.0089637	│	0.0047092	│	-0.0075885	│	0.0159995	│	-0.0070359	│
│	0.0098463	│	0.0025354	│	-0.0020227	│	-0.0103589	│	-0.0075485	│	0.0050131	│	-0.0070359	│	0.0173947	│
vmh 
0.0231415
0.0238948
0.0226511
0.0233061
0.0217010
0.0221349
0.0212076
0.0221130
matrixF 
 1.0000000  0.0000000  0.0000000  0.0000000  0.0000000  0.0000000  0.0000000  0.0000000
 0.0000000  0.0000000 -1.0000000 -1.0000000  0.0000000  0.0000000  0.0000000  0.0000000
 0.0000000  0.0000000  0.0000000 -1.0000000  0.0000000  0.0000000  0.0000000  0.0000000
 0.0000000  0.0000000  0.0000000  0.0000000  0.0000000  0.0000000  0.0000000  1.0000000
QH 
│	0.0190505	│	0.0117686	│	0.0075196	│	0.0098463	│
│	0.0117686	│	0.0247977	│	0.0129343	│	0.0123816	│
│	0.0075196	│	0.0129343	│	0.0193226	│	0.0103589	│
│	0.0098463	│	0.0123816	│	0.0103589	│	0.0173947	│
vmH 
0.0231415
0.0264024
0.0233061
0.0221130
vHigha 
168.6208724
168.5911876
169.5786093
170.8530533
