dof = 4
matrixB 
 1  1  1  1  0  0  0  0
 0  1  0  0  1  1  0  0
 0  0  1  0  0 -1 -1  0
 0  0  0  1  0  0  1  1
matrixH 
 1 -1
 0  0
 0  0
 0  0
VH 
170.6670
170.8390
Vd 
3.0000
4.1000
2.6000
3.4000
2.9000
4.0000
2.6000
4.0000
Ve 
-2.0120
-0.0300
 0.9790
 1.2810
-2.2660
 2.2720
-1.2480
-0.0030
VW 
 0.0460
-0.0240
-0.0450
 0.0300
VWd 
72.3878
66.3325
60.6630
63.2456
Q 
│	0.0346	│	0.0000	│	0.0000	│	0.0000	│	0.0000	│	0.0000	│	0.0000	│	0.0000	│
│	0.0000	│	0.0405	│	0.0000	│	0.0000	│	0.0000	│	0.0000	│	0.0000	│	0.0000	│
│	0.0000	│	0.0000	│	0.0322	│	0.0000	│	0.0000	│	0.0000	│	0.0000	│	0.0000	│
│	0.0000	│	0.0000	│	0.0000	│	0.0369	│	0.0000	│	0.0000	│	0.0000	│	0.0000	│
│	0.0000	│	0.0000	│	0.0000	│	0.0000	│	0.0341	│	0.0000	│	0.0000	│	0.0000	│
│	0.0000	│	0.0000	│	0.0000	│	0.0000	│	0.0000	│	0.0400	│	0.0000	│	0.0000	│
│	0.0000	│	0.0000	│	0.0000	│	0.0000	│	0.0000	│	0.0000	│	0.0322	│	0.0000	│
│	0.0000	│	0.0000	│	0.0000	│	0.0000	│	0.0000	│	0.0000	│	0.0000	│	0.0400	│
R 
│	0.1443	│	0.0405	│	0.0322	│	0.0369	│
│	0.0405	│	0.1146	│	-0.0400	│	0.0000	│
│	0.0322	│	-0.0400	│	0.1045	│	-0.0322	│
│	0.0369	│	0.0000	│	-0.0322	│	0.1091	│
K 
-0.9852
 0.9930
 1.2464
 0.4264
V 
-0.0341
 0.0003
 0.0084
-0.0206
 0.0338
-0.0101
-0.0264
 0.0171
BV 
-0.0460
 0.0240
 0.0450
-0.0300
vHighI 
-2.0461
-0.0297
 0.9874
 1.2604
-2.2322
 2.2619
-1.2744
 0.0141
u 
0.1677
Qv 
│	-0.0156	│	-0.0073	│	-0.0042	│	-0.0075	│	0.0092	│	-0.0019	│	-0.0023	│	0.0098	│
│	-0.0073	│	-0.0202	│	-0.0076	│	-0.0054	│	-0.0098	│	-0.0105	│	0.0029	│	0.0025	│
│	-0.0042	│	-0.0076	│	-0.0140	│	-0.0064	│	-0.0022	│	0.0098	│	0.0084	│	-0.0020	│
│	-0.0075	│	-0.0054	│	-0.0064	│	-0.0176	│	0.0028	│	0.0026	│	-0.0090	│	-0.0104	│
│	0.0092	│	-0.0098	│	-0.0022	│	0.0028	│	-0.0173	│	-0.0069	│	0.0047	│	-0.0075	│
│	-0.0019	│	-0.0105	│	0.0098	│	0.0026	│	-0.0069	│	-0.0226	│	-0.0076	│	0.0050	│
│	-0.0023	│	0.0029	│	0.0084	│	-0.0090	│	0.0047	│	-0.0076	│	-0.0162	│	-0.0070	│
│	0.0098	│	0.0025	│	-0.0020	│	-0.0104	│	-0.0075	│	0.0050	│	-0.0070	│	-0.0226	│
Qy 
│	0.0191	│	-0.0073	│	-0.0042	│	-0.0075	│	0.0092	│	-0.0019	│	-0.0023	│	0.0098	│
│	-0.0073	│	0.0203	│	-0.0076	│	-0.0054	│	-0.0098	│	-0.0105	│	0.0029	│	0.0025	│
│	-0.0042	│	-0.0076	│	0.0183	│	-0.0064	│	-0.0022	│	0.0098	│	0.0084	│	-0.0020	│
│	-0.0075	│	-0.0054	│	-0.0064	│	0.0193	│	0.0028	│	0.0026	│	-0.0090	│	-0.0104	│
│	0.0092	│	-0.0098	│	-0.0022	│	0.0028	│	0.0168	│	-0.0069	│	0.0047	│	-0.0075	│
│	-0.0019	│	-0.0105	│	0.0098	│	0.0026	│	-0.0069	│	0.0174	│	-0.0076	│	0.0050	│
│	-0.0023	│	0.0029	│	0.0084	│	-0.0090	│	0.0047	│	-0.0076	│	0.0160	│	-0.0070	│
│	0.0098	│	0.0025	│	-0.0020	│	-0.0104	│	-0.0075	│	0.0050	│	-0.0070	│	0.0174	│
vmh 
0.0231
0.0239
0.0227
0.0233
0.0217
0.0221
0.0212
0.0221
matrixF 
 1  0  0  0  0  0  0  0
 0  0 -1 -1  0  0  0  0
 0  0  0 -1  0  0  0  0
 0  0  0  0  0  0  0  1
QH 
│	0.0191	│	0.0118	│	0.0075	│	0.0098	│
│	0.0118	│	0.0248	│	0.0129	│	0.0124	│
│	0.0075	│	0.0129	│	0.0193	│	0.0104	│
│	0.0098	│	0.0124	│	0.0104	│	0.0174	│
vmH 
0.0231
0.0264
0.0233
0.0221
