dof = 4
matrixB 
 1  1  1  1  0  0  0  0
 0  1  0  0  1  1  0  0
 0  0  1  0  0 -1 -1  0
 0  0  0  1  0  0  1  1
matrixH 
 1 -1
 0  0
 0  0
 0  0
VH 
170.667
170.839
Vd 
  3
4.1
2.6
3.4
2.9
  4
2.6
  4
Ve 
-2.012
 -0.03
 0.979
 1.281
-2.266
 2.272
-1.248
-0.003
VW 
 0.0460052
-0.0239999
-0.0450001
      0.03
VWd 
72.3878
66.3325
 60.663
63.2456
Q 
 0.034641         0         0         0         0         0         0         0
        0 0.0404969         0         0         0         0         0         0
        0         0  0.032249         0         0         0         0         0
        0         0         0 0.0368782         0         0         0         0
        0         0         0         0 0.0340588         0         0         0
        0         0         0         0         0      0.04         0         0
        0         0         0         0         0         0  0.032249         0
        0         0         0         0         0         0         0      0.04
R 
 0.144265 0.0404969  0.032249 0.0368782
0.0404969  0.114556     -0.04         0
 0.032249     -0.04  0.104498 -0.032249
0.0368782         0 -0.032249  0.109127
K 
-0.985248
 0.993005
  1.24637
 0.426369
V 
   -0.03413
0.000314139
 0.00842103
 -0.0206104
  0.0338205
 -0.0101347
 -0.0264443
  0.0170548
BV 
-0.0460052
 0.0239999
 0.0450001
     -0.03
vHighI 
  -2.04613
-0.0296859
  0.987421
   1.26039
  -2.23218
   2.26187
  -1.27444
 0.0140548
u 
0.167671
Qv 
 -0.0155905 -0.00728191   -0.004249 -0.00751958  0.00920423 -0.00192232 -0.00232668  0.00984626
-0.00728191  -0.0201859 -0.00761438 -0.00541471 -0.00981727  -0.0104937  0.00287936  0.00253535
  -0.004249 -0.00761438  -0.0139974 -0.00638827 -0.00222627  0.00984066  0.00841099 -0.00202273
-0.00751958 -0.00541471 -0.00638827  -0.0175556   0.0028393   0.0025754 -0.00896368  -0.0103589
 0.00920423 -0.00981726 -0.00222628   0.0028393  -0.0173061 -0.00693545  0.00470917 -0.00754848
-0.00192232  -0.0104937  0.00984066   0.0025754 -0.00693545  -0.0225708 -0.00758853  0.00501313
-0.00232668  0.00287936    0.008411 -0.00896367  0.00470917 -0.00758853  -0.0162495 -0.00703585
 0.00984626  0.00253535 -0.00202273  -0.0103589 -0.00754848  0.00501313 -0.00703585  -0.0226053
Qy 
  0.0190505 -0.00728191   -0.004249 -0.00751958  0.00920423 -0.00192232 -0.00232668  0.00984626
-0.00728191    0.020311 -0.00761438 -0.00541471 -0.00981727  -0.0104937  0.00287936  0.00253535
  -0.004249 -0.00761438   0.0182517 -0.00638827 -0.00222627  0.00984066  0.00841099 -0.00202273
-0.00751958 -0.00541471 -0.00638827   0.0193226   0.0028393   0.0025754 -0.00896368  -0.0103589
 0.00920423 -0.00981726 -0.00222628   0.0028393   0.0167527 -0.00693545  0.00470917 -0.00754848
-0.00192232  -0.0104937  0.00984066   0.0025754 -0.00693545   0.0174292 -0.00758853  0.00501313
-0.00232668  0.00287936    0.008411 -0.00896367  0.00470917 -0.00758853   0.0159995 -0.00703585
 0.00984626  0.00253535 -0.00202273  -0.0103589 -0.00754848  0.00501313 -0.00703585   0.0173947
vmh 
0.0231426
0.0238959
0.0226521
0.0233072
0.0217021
0.0221359
0.0212086
 0.022114
matrixF 
 1  0  0  0  0  0  0  0
 0  0 -1 -1  0  0  0  0
 0  0  0 -1  0  0  0  0
 0  0  0  0  0  0  0  1
QH 
 0.0190505  0.0117686 0.00751958 0.00984626
 0.0117686  0.0247977  0.0129343  0.0123816
0.00751958  0.0129343  0.0193226  0.0103589
0.00984626  0.0123816  0.0103589  0.0173947
vmH 
0.0231426
0.0264036
0.0233072
 0.022114
